Cluster,Article
Batteries,AmazonBasics AA Performance Alkaline Batteries (48 Count) - Packaging May Vary (avg_sentiment=1.00): Bulk is always the less expensive way to go for products like these. AmazonBasics AAA performance battery (36 Count) is missing backup spring so I have to put a pcs of aluminum to make the battery work.
Classic Fire Tablets,"Echo (White),,, (avg_sentiment=1.00): I love this product. Perfect size for travel. Great for watching videos as well. Fire Tablet, 7 Display, Wi-Fi, 8 GB - Includes Special Offers, Magenta. Good basic tablet for checking email , web browsing , and reading ebooks."
Fire HD Tablets,"I love buying from best buy and i love the warranties they offer. All-New Fire HD 8 Kids Edition Tablet, 8 HD Display, 32 GB, Pink Kid-Proof Case (avg_sentiment=1.00) Stay away from the certified refurbished Amazon Fire TV. The screen looked half corrupted, see the pictures."
Kindle E-readers,"All-New Kindle Oasis E-reader - 7 High-Resolution Display (300 ppi), Waterproof, Built-In Audible, 32 GB, Wi-Fi + Free Cellular Connectivity (avg_sentiment=1.00): The best Kindle ever, for me, is still the huge DX that Amazon used to make."
Smart Home / Audio,Amazon Fire TV with 4K Ultra HD and Alexa Voice Remote (Pendant Design) | Streaming Media Player (avg_sentiment=1.00): A lazy mans drean when it is combined with Alexa. If you get the harmony hub you can really impress with home automation.
